-0.999139,0,-0.0415811,0,0,1,0,0,0.0415811,0,-0.999139,0,2.98137,0,19.525,1|
-0.0323837,0,0.999486,0,0,1,0,0,-0.999486,0,-0.0323837,0,7.28593,0,16.7468,1|
-0.0323837,0,0.999486,0,0,1,0,0,-0.999486,0,-0.0323837,0,7.69971,0,3.97332,1|
0.113737,0,-0.993529,0,0,1,0,0,0.993529,0,0.113737,0,3.91451,0,4.30736,1|
0.327814,0,-0.944763,0,0,1,0,0,0.944763,0,0.327814,0,2.72093,0,15.6164,1|
